0.028785 0.042659 0.090292 0.018232 0.106192 0.074123 0.033406 0.190814 0.039320 0.152251 0.076241 0.101382 0.178295 0.159624 0.072317 0.185559 0.127708 0.048128 0.168792 0.093381 0.162920 0.015271 0.002545 0.125993 0.045064 0.083969 0.085800 0.103897 0.141234 0.167132 0.137346 0.198163 0.055916 0.198242 0.015778 0.155712 0.080068 0.009235 0.010968 0.050044 
 0.063967 0.136863 0.149895 0.188610 0.020191 0.038795 0.073251 0.107981 0.062886 0.100845 0.138994 0.088308 0.189624 0.116312 0.109079 0.118039 0.112094 0.018970 0.075655 0.140355 0.041877 0.150743 0.182977 0.112461 0.037538 0.045424 0.001221 0.109030 0.019275 0.009668 0.108597 0.001044 0.057472 0.082473 0.137809 0.141258 0.041212 0.054451 0.043281 0.187561 
 0.133244 0.128104 0.045344 0.095499 0.117435 0.100375 0.007575 0.011151 0.045076 0.048689 0.103629 0.095682 0.086319 0.001807 0.129765 0.012751 0.192840 0.176647 0.119321 0.110092 0.078176 0.062380 0.015394 0.026466 0.121836 0.133079 0.057991 0.155278 0.103513 0.070095 0.041835 0.096023 0.173601 0.075454 0.101175 0.124961 0.166314 0.157537 0.177776 0.016114 
 0.061635 0.170251 0.028352 0.043947 0.102329 0.086984 0.127757 0.098880 0.172259 0.090585 0.124027 0.147026 0.142351 0.160582 0.001733 0.165239 0.190320 0.138932 0.009723 0.182867 0.000494 0.155522 0.109592 0.161345 0.050008 0.194714 0.001056 0.142955 0.087490 0.084146 0.080654 0.199982 0.010657 0.087008 0.189727 0.015473 0.048946 0.179162 0.108249 0.026948 
 0.057485 0.192175 0.050545 0.164208 0.028645 0.103745 0.119224 0.112516 0.027406 0.056508 0.173528 0.132475 0.056819 0.186737 0.068465 0.167760 0.059792 0.043928 0.120835 0.071993 0.163439 0.082785 0.158458 0.086026 0.172265 0.008594 0.008887 0.196832 0.016456 0.057485 0.183801 0.109323 0.161467 0.192596 0.015339 0.062282 0.085165 0.097568 0.000714 0.019715 
 0.028864 0.148576 0.011145 0.068789 0.128404 0.046028 0.121635 0.155736 0.131516 0.087411 0.117576 0.190832 0.007862 0.162291 0.034669 0.053798 0.057826 0.050880 0.188232 0.130845 0.026392 0.107370 0.048195 0.114597 0.028382 0.109281 0.016114 0.098135 0.191253 0.154033 0.060329 0.094504 0.021693 0.184106 0.065627 0.012763 0.002387 0.021918 0.053523 0.022010 
 0.024982 0.095718 0.129612 0.134483 0.165752 0.137754 0.114035 0.139091 0.009980 0.035975 0.111405 0.116587 0.031538 0.120463 0.176495 0.067617 0.033680 0.065908 0.131816 0.084896 0.157494 0.091336 0.093429 0.000800 0.064144 0.038356 0.161217 0.141606 0.197198 0.009180 0.029804 0.119565 0.131278 0.145653 0.176531 0.094198 0.113315 0.030512 0.182525 0.033937 
 0.002594 0.092251 0.043287 0.009375 0.115922 0.094656 0.024989 0.049501 0.184045 0.092410 0.122654 0.191955 0.125748 0.133946 0.076626 0.058773 0.045711 0.092819 0.003430 0.188751 0.162481 0.108847 0.197406 0.057613 0.072695 0.020270 0.159154 0.017499 0.058028 0.068154 0.007379 0.086636 0.040809 0.054335 0.130039 0.020789 0.094827 0.034107 0.031233 0.197601 
 0.117411 0.124973 0.030079 0.144939 0.169103 0.112577 0.167772 0.044832 0.087161 0.035231 0.179058 0.043886 0.079141 0.028187 0.084487 0.101651 0.102811 0.008881 0.059560 0.008136 0.138609 0.084518 0.137095 0.101724 0.160991 0.063082 0.199042 0.118656 0.114792 0.149223 0.014020 0.105509 0.102976 0.006024 0.176806 0.025739 0.091903 0.064193 0.105985 0.191656 
 0.140483 0.059597 0.156102 0.152983 0.059352 0.080728 0.000488 0.173400 0.106436 0.107047 0.141093 0.126133 0.025031 0.119687 0.101395 0.139995 0.030763 0.165630 0.158934 0.027027 0.053597 0.056636 0.173406 0.023084 0.041176 0.084249 0.166784 0.072488 0.029749 0.032002 0.011621 0.188141 0.188934 0.066158 0.083822 0.118223 0.146513 0.186248 0.036085 0.050832 
 0.199634 0.016565 0.148320 0.187738 0.118516 0.020002 0.011274 0.118485 0.149016 0.115329 0.199622 0.026240 0.120280 0.179260 0.090683 0.056435 0.063698 0.014576 0.085214 0.079568 0.049483 0.065468 0.186303 0.179461 0.047011 0.061403 0.192755 0.098050 0.115281 0.070760 0.063186 0.168188 0.129722 0.145500 0.107071 0.165459 0.151531 0.038057 0.158971 0.010486 
 0.045863 0.171807 0.192236 0.152867 0.055110 0.146239 0.128404 0.167913 0.133494 0.158190 0.098563 0.197620 0.149211 0.020313 0.112882 0.167034 0.160472 0.158086 0.194653 0.007172 0.071566 0.066555 0.134977 0.015931 0.075259 0.008148 0.124436 0.188061 0.187799 0.032679 0.017963 0.045552 0.082687 0.100931 0.089175 0.199731 0.129637 0.192981 0.030366 0.176116 
 0.044734 0.182519 0.054518 0.133525 0.058260 0.158489 0.055470 0.008527 0.006317 0.175188 0.082540 0.116538 0.052528 0.112156 0.085873 0.140806 0.046065 0.025074 0.188739 0.140550 0.022279 0.068960 0.042988 0.109458 0.052113 0.174828 0.124076 0.115891 0.146635 0.161126 0.121616 0.155901 0.022871 0.061245 0.082052 0.150414 0.037239 0.148216 0.059432 0.017853 
 0.092801 0.037959 0.130686 0.053334 0.026569 0.152330 0.131553 0.145781 0.083206 0.123087 0.169555 0.064187 0.181219 0.018244 0.070040 0.144255 0.178033 0.171856 0.011835 0.006684 0.040138 0.098581 0.108463 0.038368 0.124595 0.074300 0.191369 0.067678 0.077993 0.063948 0.151384 0.165191 0.159423 0.177905 0.094601 0.001013 0.093356 0.138102 0.068941 0.090091 
 0.058992 0.135234 0.017713 0.156487 0.122062 0.158110 0.116355 0.148222 0.115543 0.176641 0.148607 0.133677 0.075436 0.059493 0.078439 0.010877 0.037831 0.007862 0.073904 0.060952 0.103610 0.186407 0.139177 0.076931 0.176934 0.132749 0.011054 0.099277 0.083792 0.026753 0.076211 0.089206 0.076986 0.000824 0.165313 0.171203 0.033540 0.172405 0.180407 0.175915 
 0.151048 0.180047 0.011756 0.114695 0.049055 0.104270 0.100357 0.117038 0.081790 0.154381 0.102383 0.062111 0.168450 0.002545 0.011921 0.035762 0.147331 0.146495 0.198077 0.044069 0.160039 0.181817 0.112790 0.114859 0.072011 0.165423 0.125663 0.018342 0.035627 0.151201 0.041939 0.138108 0.002161 0.079196 0.159954 0.123807 0.088778 0.099557 0.024256 0.056685 
 0.006891 0.112510 0.130754 0.159307 0.058089 0.005591 0.139995 0.180590 0.103879 0.169390 0.054915 0.087582 0.015497 0.173052 0.119340 0.195038 0.010120 0.180828 0.093350 0.164177 0.179546 0.190857 0.061946 0.001856 0.017762 0.077456 0.033070 0.091336 0.053639 0.118253 0.081442 0.185943 0.194842 0.187207 0.094223 0.196912 0.089389 0.094998 0.074990 0.106583 
 0.111069 0.057924 0.062105 0.038264 0.074837 0.176495 0.017792 0.013947 0.088638 0.105100 0.144212 0.031208 0.047749 0.193945 0.182653 0.190454 0.177984 0.084451 0.152269 0.103854 0.133927 0.039509 0.084463 0.117142 0.058565 0.189636 0.009241 0.175561 0.110440 0.176482 0.149779 0.065157 0.064657 0.174847 0.181402 0.060823 0.093954 0.174419 0.111332 0.112094 
 0.136125 0.102542 0.035316 0.198199 0.153984 0.069301 0.127549 0.183428 0.094192 0.116050 0.119926 0.004175 0.051167 0.148729 0.027113 0.118906 0.042262 0.037226 0.173522 0.052138 0.100589 0.161998 0.078469 0.163982 0.091647 0.189148 0.055824 0.076193 0.160015 0.155345 0.084359 0.086190 0.012384 0.043715 0.005005 0.000146 0.143199 0.132029 0.001367 0.116575 
 0.009021 0.094363 0.019684 0.191394 0.058144 0.137553 0.084445 0.116074 0.021363 0.153679 0.166015 0.139787 0.170434 0.169768 0.156426 0.166967 0.150291 0.076070 0.009650 0.161583 0.091421 0.114048 0.002564 0.189215 0.008502 0.105423 0.172851 0.128336 0.191626 0.103458 0.090109 0.181939 0.196356 0.047768 0.016443 0.020808 0.138902 0.103897 0.012757 0.089761 
 0.102567 0.068911 0.046913 0.107883 0.161809 0.124253 0.060250 0.094278 0.030079 0.117106 0.048384 0.150426 0.037837 0.051558 0.112870 0.130399 0.046779 0.170727 0.139683 0.030256 0.006720 0.111173 0.060994 0.027802 0.161303 0.110880 0.156352 0.004010 0.008704 0.151903 0.149596 0.077316 0.023811 0.019105 0.157701 0.182067 0.047816 0.156163 0.047810 0.022333 
 0.151781 0.100009 0.058803 0.032429 0.080172 0.175158 0.043446 0.075222 0.080782 0.028919 0.187585 0.109671 0.027229 0.089016 0.162517 0.158721 0.040248 0.124570 0.166790 0.008808 0.114103 0.191968 0.013764 0.172344 0.154277 0.146696 0.121055 0.144218 0.132810 0.002454 0.158226 0.083804 0.167394 0.118766 0.008924 0.153539 0.030573 0.098355 0.003717 0.045412 
 0.095328 0.175579 0.079885 0.126597 0.023103 0.177081 0.024403 0.135472 0.000824 0.035951 0.056404 0.059279 0.032868 0.140745 0.105307 0.124693 0.094412 0.100369 0.040944 0.132475 0.052376 0.006354 0.011841 0.067598 0.160161 0.173626 0.148009 0.015949 0.032459 0.040938 0.184362 0.118949 0.106479 0.012494 0.061165 0.197290 0.095578 0.121683 0.057656 0.175103 
 0.041908 0.098404 0.115091 0.135746 0.074044 0.121140 0.105527 0.140471 0.075906 0.035041 0.102573 0.041218 0.173363 0.117325 0.010285 0.018885 0.044581 0.171075 0.006574 0.078115 0.160491 0.028925 0.157292 0.030055 0.161547 0.047731 0.057253 0.194250 0.077108 0.075436 0.054500 0.150902 0.193628 0.071535 0.113987 0.174786 0.077902 0.062294 0.076968 0.082028 
 0.161693 0.011914 0.172393 0.121097 0.193872 0.091067 0.136406 0.039088 0.166430 0.123862 0.196399 0.154729 0.020563 0.094601 0.075692 0.169219 0.139097 0.095596 0.075234 0.146251 0.131419 0.197168 0.188427 0.192419 0.117344 0.021229 0.105484 0.069204 0.015979 0.099612 0.063436 0.067971 0.045961 0.198413 0.198114 0.178979 0.143236 0.089554 0.154320 0.085861 
 0.102683 0.150981 0.010486 0.016730 0.149852 0.076485 0.073983 0.183160 0.148949 0.076638 0.003430 0.038295 0.153490 0.051961 0.014167 0.085427 0.105704 0.119590 0.023231 0.068087 0.191070 0.174755 0.089969 0.073153 0.054158 0.068203 0.008679 0.178008 0.182061 0.080990 0.009387 0.173125 0.061605 0.077676 0.023115 0.191333 0.016742 0.019349 0.067843 0.174859 
 0.132163 0.017670 0.011426 0.011646 0.169530 0.011158 0.067714 0.071981 0.082571 0.044990 0.082119 0.176763 0.037190 0.035597 0.162883 0.128678 0.142973 0.001233 0.114310 0.037556 0.002185 0.039845 0.028217 0.171050 0.082699 0.035438 0.089798 0.161968 0.020917 0.174224 0.154192 0.103543 0.061055 0.051747 0.150053 0.163817 0.137022 0.052345 0.066298 0.050374 
 0.003076 0.182061 0.178289 0.156792 0.119639 0.036317 0.069704 0.121903 0.100339 0.083688 0.106455 0.033277 0.026716 0.146837 0.118680 0.006043 0.036714 0.062020 0.147301 0.168340 0.093271 0.198383 0.011194 0.184704 0.139195 0.018177 0.151390 0.148564 0.144676 0.159374 0.108414 0.175146 0.053597 0.021650 0.089132 0.125993 0.134935 0.137303 0.179254 0.196423 
 0.145445 0.107987 0.057814 0.197052 0.009986 0.188916 0.169884 0.060775 0.025654 0.101413 0.013642 0.006391 0.095962 0.155351 0.098288 0.090048 0.001379 0.062514 0.028761 0.175890 0.012464 0.122312 0.073788 0.057070 0.051765 0.160900 0.073287 0.158452 0.110874 0.105197 0.041560 0.152092 0.128733 0.172820 0.122349 0.116996 0.037599 0.159301 0.052174 0.174169 
 0.182769 0.003851 0.188098 0.028327 0.022401 0.114902 0.056142 0.147575 0.113694 0.036567 0.076760 0.012055 0.091610 0.137504 0.023408 0.163213 0.046449 0.103165 0.070663 0.084481 0.006476 0.112912 0.187939 0.045021 0.131901 0.083108 0.135264 0.137516 0.126402 0.057448 0.017182 0.041377 0.072561 0.125846 0.051167 0.142601 0.197247 0.153069 0.106681 0.141496 
 