10.25 9.7375 9.225 8.7125 8.2 7.6875 7.175 6.6625 6.15 5.6375 5.125 4.6125 4.1 3.5875 3.075 2.5625 2.05 1.5375 1.025 0.5125 
-1.75 -3.05 -3.9 -4.6 -5.15 -5.625 -6 -6.35 -6.6 -6.77 -6.82 -6.77 -6.6 -6.35 -6 -5.47 -4.9 -4.2 -3.35 -2.12 
8 7 4 2.4 1.9 1.65 1.3 1 0.9 0.8 0.6 0.5 0.4 0.3 0.2 0.1 0 0 0 0  
-2.5 -3.125 -3.54 -3.906 -4.18 -4.375 -4.5 -4.58 -4.58 -4.5 -4.375 -4.218 -3.906 -3.4 -2.8125 -1.875 0 0 0 0	
8.2343 8.012 7.077205882 6 5.4943 4.549632352 3.4784 2.7554	2.022058822	1 0.6745 0 0 0 0 0 0 0 0 0  
-2.6453 -3.7345 -4.88 -5.54 -5.8 -5.95 -5.8 -5.3 -4.6875 -3.12 -2.3456 0 0 0 0 0 0 0 0 0 
3.75 4.58680 4.42361 4.2604 4.097 3.9340 3.770 3.6076 3.444	3.28125 2.982 2.684 2.386 2.088 1.7895 1.49 1.193 0.89 0.596 0.298	
-1.5 -2.1875 -2.6 -2.9 -3.125 -3.35 -3.4375 -3.4375 -3.4375 -3.4375 -3.4375 -3.4375 -3.4375 -3.4375 -3.4375 -3.4375 -3.38 -3.19 -2.3 -1.4843 
10.31	9.7968 9.281 8.7656 8.25 7.7343 7.218 6.7031 6.1875 5.6718 5.156 4.6406 4.125 3.609 3.0937 2.5781 2.0625 1.5468 1.031 0.515 
-0.8593 -1.71875 -2.5781 -3.4375 -3.4895 -3.5416 -3.5937 -3.6458 -3.6979 -3.75 -3.6979 -3.6458 -3.5937 -3.5416 -3.4895 -3.4375 -2.75 -2.0625 -1.375 -0.6875  
4.375 5.625 5.4166 4.062 3.437 3.3593 3.3203 3.2812 3.15 2.968 2.812 2.7 2.58 2.5 2.343 1.875 1.5 0.937 0.34 0.156 
-1.6 -2.89 -3.85 -4.51 -5 -5.44 -5.78125 -6.1 -6.25 -6.2 -6.15 -6.12 -5.9375 -5.7 -5.4 -5 -4.3 -3.594 -2.708 -1.5625 


